0001 = 0 0 804 407
0002 = 0 408 804 407
0003 = 805 0 804 407
0004 = 805 408 804 407
0005 = 0 816 804 407
0006 = 0 1224 804 407
0007 = 805 816 804 407
0008 = 0 1632 804 407
0009 = 805 1224 804 407
0010 = 805 1632 804 407
0011 = 1610 0 804 407
0012 = 1610 408 804 407
0013 = 1610 816 804 407
0014 = 1610 1224 804 407
0015 = 1610 1632 804 407
0016 = 0 2040 804 407
0017 = 0 2448 804 407
0018 = 805 2040 804 407
0019 = 0 2856 804 407
0020 = 805 2448 804 407
0021 = 1610 2040 804 407
0022 = 805 2856 804 407
0023 = 1610 2448 804 407
0024 = 1610 2856 804 407
