0001 = 0 0 971 566
0002 = 971 0 971 566
0003 = 0 566 971 566
0004 = 0 1132 971 566
0005 = 971 566 971 566
0006 = 971 1132 971 566
0007 = 1942 0 971 566
0008 = 1942 566 971 566
0009 = 2913 0 971 566
0010 = 1942 1132 971 566
0011 = 2913 566 971 566
0012 = 2913 1132 971 566
0013 = 0 1698 971 566
0014 = 971 1698 971 566
0015 = 1942 1698 971 566
0016 = 2913 1698 971 566
0017 = 3884 0 971 566
0018 = 3884 566 971 566
0019 = 4855 0 971 566
0020 = 3884 1132 971 566
0021 = 4855 566 971 566
0022 = 3884 1698 971 566
0023 = 5826 0 971 566
0024 = 4855 1132 971 566
0025 = 5826 566 971 566
0026 = 4855 1698 971 566
0027 = 6797 0 971 566
0028 = 5826 1132 971 566
0029 = 6797 566 971 566
0030 = 5826 1698 971 566
0031 = 6797 1132 971 566
0032 = 6797 1698 971 566
0033 = 7768 0 971 566
0034 = 7768 566 971 566
0035 = 8739 0 971 566
0036 = 7768 1132 971 566
0037 = 8739 566 971 566
0038 = 7768 1698 971 566
0039 = 8739 1132 971 566
0040 = 8739 1698 971 566
