0001 = 0 0 258 965
0002 = 259 0 258 965
0003 = 518 0 258 965
0004 = 777 0 258 965
0005 = 1036 0 258 965
0006 = 1295 0 258 965
0007 = 1554 0 258 965
0008 = 0 966 258 965
0009 = 259 966 258 965
0010 = 518 966 258 965
0011 = 777 966 258 965
0012 = 1036 966 258 965
0013 = 1295 966 258 965
0014 = 1554 966 258 965
0015 = 1813 0 258 965
0016 = 2072 0 258 965
0017 = 2331 0 258 965
0018 = 2590 0 258 965
0019 = 1813 966 258 965
0020 = 2849 0 258 965
0021 = 2072 966 258 965
0022 = 3108 0 258 965
0023 = 2331 966 258 965
0024 = 3367 0 258 965
0025 = 2590 966 258 965
0026 = 3626 0 258 965
0027 = 2849 966 258 965
0028 = 3108 966 258 965
0029 = 3367 966 258 965
0030 = 3626 966 258 965
0031 = 0 1932 258 965
0032 = 259 1932 258 965
0033 = 518 1932 258 965
0034 = 777 1932 258 965
0035 = 1036 1932 258 965
0036 = 1295 1932 258 965
0037 = 1554 1932 258 965
0038 = 1813 1932 258 965
0039 = 2072 1932 258 965
0040 = 2331 1932 258 965
0041 = 2590 1932 258 965
0042 = 2849 1932 258 965
0043 = 3108 1932 258 965
0044 = 3367 1932 258 965
0045 = 3626 1932 258 965
0046 = 3885 0 258 965
0047 = 4144 0 258 965
0048 = 4403 0 258 965
0049 = 4662 0 258 965
0050 = 3885 966 258 965
0051 = 4921 0 258 965
0052 = 4144 966 258 965
0053 = 4403 966 258 965
0054 = 4662 966 258 965
0055 = 3885 1932 258 965
0056 = 4921 966 258 965
0057 = 4144 1932 258 965
0058 = 4403 1932 258 965
0059 = 4662 1932 258 965
0060 = 4921 1932 258 965
