0001 = 0 0 793 874
0002 = 794 0 793 874
0003 = 0 875 793 874
0004 = 794 875 793 874
0005 = 1588 0 793 874
0006 = 2382 0 793 874
0007 = 1588 875 793 874
0008 = 3176 0 793 874
0009 = 2382 875 793 874
0010 = 3176 875 793 874
0011 = 0 1750 793 874
0012 = 794 1750 793 874
0013 = 0 2625 793 874
0014 = 1588 1750 793 874
0015 = 794 2625 793 874
0016 = 2382 1750 793 874
0017 = 1588 2625 793 874
0018 = 3176 1750 793 874
0019 = 2382 2625 793 874
0020 = 3176 2625 793 874
0021 = 3970 0 793 874
0022 = 4764 0 793 874
0023 = 3970 875 793 874
0024 = 4764 875 793 874
0025 = 3970 1750 793 874
0026 = 4764 1750 793 874
0027 = 3970 2625 793 874
0028 = 4764 2625 793 874
